7812.968
7007.057
7309.419
6771.44
6750.377
6759.778
7036.448
7283.533
6618.05
6812.415
6776.439
7546.646
8078.662
6866.739
7144.067
6540.725
6659.215
6702.511
7102.869
7117.702
6662.226
6862.826
7011.115
7688.592
7988.957
7247.706
7353.584
6845.998
6702.404
6719.323
7164.274
7033.412
6686.895
6906.883
7083.548
8049.211
7912.457
7424.599
7816.593
6907.478
6650.484
6847.313
7313.064
7337.387
6819.006
6988.18
7285.728
8022.314
8589.798
7746.402
7668.422
6983.323
6890.509
7166.434
7395.025
7477.232
6886.162
7075.224
7152.791
8008.858
8226.194
7600.223
7746.002
7110.693
7155.401
7235.885
7630.435
7922.338
7140.891
7229.697
7577.393
8415.664
8781.983
8109.507
8197.537
7367.17
7467.87
7450.956
7763.061
7874.805
7151.972
7622.802
7801.332
8411.306
8829.389
7792.36
7990.107
7528.446
7481.767
7470.768
8096.188
7914.989
7417.611
7682.07
7754.952
8612.466
8613.351
7650.206
8174.688
7515.051
7579.49
7719.46
8280.964
8230.512
7619.27
7613.627
7511.037
8473.948
8916.763
7813.919
8374.959
7661.384
7627.872
7809.61
8374.703
8382.843
7616.189
7719.811
7639.151
8677.387
8952.554
8408.735
8299.976
7675.245
8031.614
8008.683
8236.273
8548.829
7698.595
7766.958
7945.919
9202.867
9232.646
8076.542
8478.756
7644.101
7634.334
7657.921
8149.907
8309.182
7406.412
7723.424
7550.218
8265.424
8797.528
7862.338
8366.017
7763.633
7805.747
7895.255
8431.417
8351.021
7666.391
7807.864
8019.295
8838.279
9240.03
8436.906
8388.09
7672.877
7668.14
7646.589
8276.561
8396.66
7611.488
7787.898
7840.975
8931.792
9356.765
8739.592
8436.531
7798.779
7972.423
7987.734
8411.715
8360.396
7836.502
7954.676
8056.208
9161.797
9293.639
8289.373
8732.282
7720.135
7944.437
8177.881
8587.429
8694.082
7792.942
7786.97
7944.991
9203.622
8821.073
8196.253
8590.982
7715.81
7962.594
8151.441
8638.209
8737.107
7791.269
8025.726
8034.403
8799.535
9224.113
8756.161
8560.982
7922.623
8020.243
8096.728
8489.795
8819.246
7940.026
7971.09
8081.36
9088.57
9416.832
8655.721
8591.32
7838.374
7897.176
8043.083
8418.173
8217.8
7352.797
7785.016
7810.328
8798.727
9131.508
7872.212
8051.971
7341.651
7287.596
7537.066
7814.128
7962.17
7270.279
7471.085
7445.247
8838.365
9129.452
8208.891
8197.307
7365.336
7672.732
8004.568
8376.046
8440.346
7690.109
7502.37
7793.089
9228.253
9294.125
8102.879
8336.086
7493.759
7574.199
7887.591
8378.721
8401.595
7554.621
7572.396
7780.887
8573.242
8675.482
7962.263
7673.051
7214.299
7607.309
7728.856
8290.76
8228.099
7367.968
7572.483
7765.637
8393.366
8982.147
8014.712
8379.17
7519.205
7616.574
7719.693
8270.491
8170.581
7635.619
7714.237
8127.669
9068.347
9593.91
8431.769
8525.757
7558.169
7646.405
7779.348
8231.033
8207.966
7649.603
7762.415
8198.035
8797.34
9300.08
8612.739
8435.045
7470.291
7647.966
7902.508
8433.824
8316.314
7689.25
7621.466
7681.646
8373.332
9062.724
8231.447
7985.772
7452.048
7581.689
7934.814
8469.121
8537.499
7745.433
7651.249
7713.21
9080.218
8982.378
7623.145
8430.199
7452.221
7799.991
7964.436
8432.669
8297.67
7629.796
7838.268
8129.521
9228.817
9655.1
8076.522
8683.815
7884.303
8019.308
8143.949
8607.324
8694.376
7859.887
8094.91
8477.193
9054.374